철골공사                      1  [0.21, 0.07, 0.19]
철골공사                      2  [0.18, 0.06, 0.69, 0.17]
철골공사                      3  [0.16, 0.06, 0.61, 0.15]
철골공사                      4  [0.14, 0.05, 0.53, 0.13]
철골공사                      5  [0.02, 0.003, 0.03]
철골공사                      6  [0.02, 0.005, 0.05]
철골공사                      7  [0.08, 0.03, 0.27]
철골공사                      8  [0.06, 0.02, 0.21, 0.05]
철골공사                      9  [0.01, 0.003, 0.03]
알루미늄공사                    1  [0.04, 0.01, 0.16, 0.04, 0.04]
알루미늄공사                    2  [0.02, 0.003, 0.03, 0.01, 0.01]
알루미늄공사                    3  [0.02, 0.01, 0.09, 0.02, 0.02]
알루미늄공사                    4  [0.05, 0.02, 0.18, 0.04, 0.04]
알루미늄공사                    5  [0.01, 0.002, 0.02, 0.01, 0.01]
알루미늄공사                    6  [0.05, 0.02, 0.19, 0.05, 0.05]
온실피복공사                    1  [0.02, 0.01, 0.05, 0.01]
온실피복공사                    2  [0.01, 0.004, 0.06, 0.05, 0.02]
온실피복공사                    3  [0.02, 0.01, 0.07, 0.02]
온실피복공사                    4  [0.02, 0.01, 0.13, 0.1, 0.03]
천창개폐장치공사                  1  [0.3, 0.25, 0.5]
천창개폐장치공사                  2  [0.13, 1.0, 4.0, 1.0]
천창개폐장치공사                  3  [0.04, 0.33, 1.33, 0.33]
천창개폐장치공사                  4  [0.01, 0.4, 0.8, 0.1]
천창개폐장치공사                  5  [0.31, 0.9, 1.6, 0.9]
천창개폐장치공사                  6  [0.003, 0.03, 0.1, 0.03, 0.03]
천창개폐장치공사                  7  [0.01, 0.08, 0.3, 0.08, 0.08]
천창개폐장치공사                  8  [0.02, 0.08, 0.2]
천창개폐장치공사                  9  [0.002, 0.01, 0.05, 0.01, 0.01]
천창개폐장치공사                 10  [0.01, 0.08, 0.3, 0.08, 0.08]
천창개폐장치공사                 11  [0.04, 0.33, 1.33, 0.33, 0.33]
천창개폐장치공사                 12  [0.04, 0.31, 1.24, 0.31, 0.31]
천창개폐장치공사                 13  [0.01, 0.04, 0.18, 0.04, 0.04]
수평스크린공사                   1  [1.0, 0.5, 7.0, 5.0]
수평스크린공사                   2  [0.6, 0.3, 4.2, 3.0]
수평스크린공사                   3  [0.03, 0.02, 0.22, 0.16]
수평스크린공사                   4  [0.01, 0.004, 0.05, 0.04]
수평스크린공사                   5  [0.02, 0.01, 0.11, 0.08]
수평스크린공사                   6  [0.005, 0.002, 0.03, 0.02]
수평스크린공사                   7  [0.003, 0.001, 0.02, 0.01]
수평스크린공사                   8  [0.02, 0.01, 0.14, 0.1]
수평스크린공사                   9  [0.005, 0.002, 0.03, 0.02]
수평스크린공사                  10  [0.001, 0.0003, 0.004, 0.003]
수평스크린공사                  11  [0.003, 0.002, 0.02, 0.02]
수평스크린공사                  12  [0.02, 0.01, 0.12, 0.08]
수평스크린공사                  13  [0.001, 0.001, 0.01, 0.01]
측벽스크린공사                   1  [1.33, 0.67, 5.33]
측벽스크린공사                   2  [0.44, 0.22, 1.78]
측벽스크린공사                   3  [0.02, 0.01, 0.08]
측벽스크린공사                   4  [0.006, 0.003, 0.02]
측벽스크린공사                   5  [0.08, 0.04, 0.32]
측벽스크린공사                   6  [0.006, 0.003, 0.03]
행잉거터공사                    1  [0.004, 0.006, 0.03]
행잉거터공사                    2  [0.004, 0.006]
행잉거터공사                    3  [0.004, 0.006]
행잉거터공사                    4  [0.013, 0.018]
행잉거터공사                    5  [0.002, 0.003]
행잉거터공사                    6  [0.004]
철골공사(비닐·파이프자재)            1  [0.01, 0.003, 0.02, 0.01]
철골공사(비닐·파이프자재)            2  [0.01, 0.003, 0.02, 0.01]
철골공사(비닐·파이프자재)            3  [0.05, 0.02, 0.13, 0.06]
철골공사(비닐·파이프자재)            4  [0.005, 0.002, 0.01, 0.01]
철골공사(비닐·파이프자재)            5  [0.002, 0.001, 0.01, 0.003]
온실피복공사(비닐)                1  [0.01, 0.004, 0.002, 0.01]
온실피복공사(비닐)                2  [0.01, 0.003, 0.002, 0.01]